kvalueLow=1.0880634403846152
kvalueHigh=1.2064679487179488
